age,image_id,id
child,421184,900100
child,513768,516202
child,189136,1755551
child,504733,1756434
child,534734,1763867
child,370279,2150741
child,232993,2151405
child,419363,2152201
child,444152,2153394
child,138977,516633
child,369404,2156396
child,551701,516479
child,562655,2156708
child,514990,2157216
child,247788,2157323
child,405444,2157672
child,441500,2159421
child,558717,1750284
child,273841,2159564
child,256566,2159958
child,80172,2160171
child,52847,515886
child,146481,515505
child,179805,515410
child,546029,2163382
child,262605,2164768
child,455809,515199
child,67966,2166793
child,519193,2167392
child,577858,2204618
child,351656,514761
child,33840,514623
child,200404,518172
child,395365,518463
child,220050,2207111
child,546952,520888
child,441862,1245467
child,195952,523004
child,348973,1251378
child,254481,522667
child,224304,522518
child,262909,522374
child,84147,522200
child,346154,1684237
child,83761,1699648
child,207354,521532
child,260010,521302
child,221000,1710202
child,157875,520958
child,185125,1713703
child,187821,1714696
child,580905,518495
child,161337,520681
child,113223,1715431
child,301282,1715496
child,371426,520247
child,450193,519864
child,458135,519404
child,327818,519298
child,495166,519059
child,496239,1731996
child,15582,518873
child,205636,1733130
child,334416,1736304
child,185095,1736946
child,566298,1741833
child,155823,514614
child,309093,514501
child,422700,1239332
child,45388,443813
child,74369,434370
child,569550,511290
child,397241,511268
child,68646,437851
child,478298,511205
child,573956,511113
child,460858,438354
child,279674,438645
child,375812,438952
child,574805,439998
child,280083,440757
child,255623,510850
child,280036,442163
child,552504,443239
child,56433,444083
child,430744,434238
child,265513,510474
child,427181,445993
child,328306,447189
child,396688,510261
child,428658,447950
child,173998,510128
child,10683,510055
child,496287,510044
child,498418,509678
child,34167,452122
child,368855,454558
child,138780,509389
child,30066,455865
child,564448,508984
child,204091,434265
child,58520,434177
child,428486,514338
child,328596,421724
child,132750,513917
child,48882,513916
child,93175,194281
child,94714,513738
child,191609,513638
child,187079,202836
child,258734,202925
child,23746,513449
child,275268,205845
child,281650,513312
child,117677,513035
child,28072,513031
child,299757,251392
child,566596,421270
child,374049,512710
child,291962,432723
child,126409,512638
child,192810,422410
child,528321,512567
child,515219,424009
child,18957,424207
child,459585,512428
child,147772,512379
child,341286,512353
child,277013,512261
child,162580,429830
child,371414,430176
child,120971,511778
child,65587,511731
child,194450,511709
child,155930,523168
child,319781,523172
child,399294,508743
child,401201,542224
child,222369,554228
child,485307,456230
child,409262,554083
child,505861,553409
child,152922,549538
child,47778,548334
child,280760,459621
child,497668,460336
child,286778,460796
child,219135,462110
child,38892,462488
child,368577,543878
child,304361,463449
child,35128,542480
child,370980,463864
child,29719,455689
child,529235,463964
child,485294,464640
child,348887,464805
child,92098,541550
child,369886,540977
child,474751,467098
child,466752,467172
child,371650,467435
child,490923,467550
child,280909,468582
child,450169,468859
child,549746,469547
child,164864,539108
child,300408,471242
child,390585,455770
child,190172,554405
child,143900,538231
child,179045,449408
child,421320,562280
child,318245,561914
child,446880,561891
child,52036,561650
child,65244,442494
child,525762,442938
child,214305,444010
child,395893,559227
child,340923,558096
child,183214,557838
child,128570,447748
child,323639,448435
child,485985,448706
child,4567,557025
child,386716,449565
child,483695,554436
child,168584,556892
child,149434,556636
child,540273,556462
child,245460,451693
child,508167,452086
child,27805,452187
child,8024,555946
child,355272,453211
child,360983,453794
child,284934,555475
child,335249,555090
child,487898,454561
child,517472,454778
child,71735,554666
child,508840,538756
child,365325,473438
child,139994,523545
child,224197,528012
child,332914,503085
child,525369,505098
child,545796,505711
child,540133,509427
child,90084,529161
child,520150,510017
child,117310,512803
child,451680,528757
child,1290,514182
child,71360,514514
child,426238,514916
child,385320,516615
child,255889,528194
child,49194,520315
child,14248,524593
child,133667,500605
child,233142,526969
child,470972,528346
child,140983,533843
child,163242,559194
child,580434,525009
child,508822,561671
child,567755,1206270
child,167057,524445
child,254454,1210815
child,531602,1215993
child,239873,523943
child,340200,1220929
child,554346,523734
child,323334,523549
child,16257,501672
child,29934,500313
child,2239,473810
child,462890,481516
child,469995,537917
child,389464,474149
child,512112,474925
child,475813,475156
child,229286,475492
child,565326,475719
child,525790,537425
child,285633,476984
child,290224,537408
child,367260,537366
child,79396,477886
child,569533,536936
child,327702,536921
child,212427,479519
child,74177,536455
child,247484,500246
child,46889,482536
child,520401,484202
child,534161,485480
child,514089,486694
child,468129,486884
child,41110,488332
child,11796,489312
child,53990,489611
child,358502,491823
child,494273,493046
child,131279,531696
child,251794,494471
child,37945,494687
child,502838,530546
child,196430,459656
child,62617,508722
child,126727,1727781
child,297989,495614
child,43720,449514
child,306511,496085
child,166551,451048
child,375483,451211
child,174893,451909
child,303204,452088
child,545441,452128
child,497031,452276
child,563697,452369
child,227370,452742
child,302606,453535
child,14941,453539
child,313228,453852
child,164005,454103
child,2839,455003
child,257976,496095
child,446743,455061
child,157102,455446
child,379498,495487
child,211735,495467
child,289152,460601
child,341219,495214
child,327168,495212
child,155106,495190
child,543692,463112
child,242516,495128
child,417475,494967
child,310903,494929
child,488977,467048
child,136820,467270
child,73588,449291
child,452115,496113
child,515760,469693
child,231080,497363
child,286106,421426
child,185209,498051
child,347640,497980
child,174336,423762
child,320039,423809
child,143154,424037
child,368041,424158
child,139248,426451
child,240862,497641
child,34377,497555
child,292482,429159
child,366367,429947
child,423919,430342
child,550093,497452
child,127880,430973
child,376959,448611
child,159842,432041
child,513381,432948
child,504353,435121
child,285727,435414
child,461855,436815
child,100277,496684
child,237241,496656
child,88609,496645
child,285302,442527
child,73824,496442
child,548179,445286
child,351166,446389
child,511221,496231
child,444636,496217
child,514731,467885
child,19394,494771
child,152079,498321
child,46941,1718165
child,273086,555128
child,94174,555848
child,360182,556724
child,357896,492937
child,221770,492881
child,111812,492828
child,463898,1225198
child,380344,492718
child,80747,1255743
child,502979,1683500
child,308338,492704
child,73864,492469
child,214571,492300
child,407279,492273
child,253065,492137
child,438701,493119
child,327536,492061
child,52348,491995
child,128602,1728988
child,384930,491994
child,578501,491873
child,334041,491369
child,549715,491355
child,568846,2018223
child,155862,490983
child,272666,2154378
child,233833,490971
child,267315,2155867
child,480624,2156991
child,227487,490847
child,47225,554153
child,518034,543566
child,125228,470303
child,542284,490944
child,18412,471109
child,500814,471836
child,299773,494581
child,510735,474396
child,347131,494463
child,209290,475954
child,130132,494344
child,21498,477080
child,116466,482345
child,33882,484187
child,381051,485694
child,386937,494063
child,58070,486767
child,561629,490761
child,92198,493774
child,270702,533782
child,212198,492535
child,63648,498602
child,196981,493535
child,229381,493500
child,462289,506308
child,319024,509312
child,551648,512864
child,566756,514035
child,501652,514792
child,233187,518723
child,261239,493204
child,271607,522699
child,466448,493147
child,551107,532312
child,391638,421407
child,294035,234111
child,444568,461981
child,564341,505182
child,99218,496942
child,528525,497304
child,427615,503211
child,335532,503911
child,285734,505991
child,502852,510187
child,245414,514607
child,447770,514618
child,306073,519524
child,225108,523445
child,218459,505293
child,416157,505273
child,512387,505242
child,301797,532177
child,404613,536512
child,276590,506046
child,488151,536945
child,333691,545912
child,218759,505145
child,333000,556760
child,542839,504807
child,352259,1203144
child,563424,1203694
child,415016,1215821
child,203940,504605
child,367891,1232191
child,273456,504311
child,241102,1241639
child,532625,504120
child,273246,1266295
child,476151,505963
child,23587,491919
child,453697,503771
child,482951,477394
child,548592,465022
child,343954,465291
child,417744,508063
child,154245,507947
child,548390,507938
child,114717,468869
child,336369,507858
child,470005,471144
child,23709,471819
child,470604,473161
child,275863,474381
child,131089,476060
child,513093,507321
child,87040,507315
child,192953,507140
child,16290,506248
child,525184,478654
child,346812,507105
child,294908,479961
child,12543,481145
child,33066,481384
child,413510,506781
child,182861,506778
child,81100,484933
child,75624,506618
child,218941,506608
child,7921,506555
child,335374,487672
child,5513,488799
child,185792,506486
child,80016,503967
child,341620,1678234
child,97170,498427
child,431824,499402
child,432037,500881
child,23084,2155649
child,12192,2155678
child,160837,500587
child,521071,2159534
child,393710,2160437
child,425774,500041
child,558702,499969
child,262495,499806
child,211631,499794
child,127657,499713
child,7899,2204518
child,90125,2206561
child,366489,499464
child,155861,183489
child,441873,2152469
child,401398,186780
child,109937,187004
child,368949,187402
child,165742,190833
child,1404,192369
child,468284,499000
child,512116,202626
child,188137,498817
child,123980,498811
child,484790,498794
child,32645,211465
child,331103,498592
child,312565,498565
child,533596,220391
child,205230,2154933
child,392010,2151873
child,422050,503671
child,22929,1725725
child,213054,1684132
child,22123,503583
child,545651,503483
child,203201,1707907
child,179711,1711356
child,357814,1711583
child,434886,1714869
child,136229,503153
child,192437,1720197
child,140768,502829
child,397042,1721439
child,163105,1722081
child,78683,1723741
child,349958,502665
child,249347,1728678
child,294228,2151797
child,480180,502509
child,344832,1731747
child,408957,502301
child,195269,1738227
child,535768,502235
child,423881,502226
child,27778,1742654
child,399741,1744360
child,9317,1753634
child,409360,501904
child,475208,1761966
child,83925,2020644
child,122266,2032214
child,395606,2151447
child,289941,441074
child,468313,562450
child,364188,440052
child,367085,1714191
child,121839,2023611
child,179374,2032814
child,572453,2151608
child,217593,2152937
child,373465,1715368
child,397729,2153854
child,38710,2154340
child,278675,1715136
child,450087,1715103
child,304696,2155941
child,98717,2156944
child,255708,2157424
child,48417,1714619
child,386875,1714599
child,218717,1714168
child,354225,1716204
child,19032,2160366
child,436858,2162401
child,110156,2162698
child,122780,1713959
child,537316,1713871
child,165638,2164314
child,338703,2164647
child,329242,1713714
child,78060,2165614
child,108360,1713667
child,266847,2198223
child,15544,1713520
child,372182,1713464
child,442567,2205150
child,174633,2020111
child,417742,2004163
child,251816,2205693
child,537297,1719613
child,25984,1242766
child,529670,1247005
child,341539,1719187
child,451835,1265809
child,307967,1290432
child,420398,1719008
child,497312,1678848
child,279634,1694925
child,166122,1718607
child,148176,1718363
child,135756,1713951
child,400950,1715711
child,25158,1716683
child,521950,1717987
child,392426,1717855
child,283269,1716380
child,98590,1727954
child,201076,1717499
child,416076,1717382
child,452930,1717229
child,421495,1735755
child,357668,1717166
child,306585,1737881
child,362368,1738853
child,202767,1717108
child,301273,1717102
child,488743,1742981
child,130773,1743394
child,517822,1758419
child,12158,1716402
child,564677,1713443
child,409291,2206043
child,310669,1234535
child,507501,1707593
child,489121,1709366
child,185906,1709243
child,557785,427970
child,13082,1709052
child,39113,1709029
child,221524,428839
child,78053,1708876
child,214621,1708799
child,191000,429954
child,526955,430923
child,571105,1707923
child,102329,433925
child,100581,1707811
child,281733,434022
child,111347,435316
child,262561,1709748
child,132219,435366
child,187577,1707054
child,2225,436204
child,458336,1706873
child,343978,436699
child,408289,436726
child,112582,437271
child,466710,1706710
child,358982,437908
child,502395,1706642
child,25548,1706537
child,436621,1706531
child,78738,1706408
child,445597,439428
child,23280,1709401
child,438691,1709809
child,517399,2206444
child,268094,1712271
child,195877,1713321
child,248242,2206844
child,463722,2207502
child,377213,1713260
child,357132,1713197
child,269831,187517
child,67785,189283
child,99481,194151
child,514193,1712582
child,296492,196284
child,218183,196536
child,41899,199794
child,137849,1712445
child,502805,1712364
child,423668,209406
child,250506,425243
child,408664,1711665
child,342849,222455
child,364745,223521
child,4498,235289
child,133470,238109
child,392382,238979
child,29059,265938
child,168016,1711413
child,461110,1711354
child,406026,1711317
child,489453,1710822
child,13455,1710393
child,553667,424793
child,407221,1709905
child,242592,1719457
child,553330,1224885
child,501696,565089
child,361464,1732059
child,218399,1734755
child,546773,2165853
child,79356,2167591
child,247285,2198258
child,149446,2206096
child,237282,1733989
child,7946,1733906
child,369561,1733240
child,265553,1733000
child,479387,1732975
child,98284,189219
child,377984,190315
child,380634,193445
child,30334,1732081
child,106010,1732014
child,512911,2164983
child,37513,198615
child,353835,1731592
child,570392,1731550
child,575961,1731504
child,450383,1731387
child,61838,1731336
child,530124,1731304
child,545155,213988
child,417631,1730678
child,42763,1730590
child,433830,1730306
child,262275,227827
child,199819,422740
child,538344,424558
child,147488,2164997
child,79619,2163437
child,113233,427487
child,246841,1736283
child,221390,1732158
child,375881,1736863
child,35552,1737596
child,566536,1737587
child,98881,1738481
child,175088,1737300
child,577840,1745919
child,490178,1748144
child,511895,1760017
child,559470,2006377
child,262707,1736515
child,155285,2016556
child,246735,1736468
child,323108,1736324
child,42260,2151269
child,200221,1734883
child,305858,1735647
child,390366,1735569
child,135472,1735446
child,263440,1735423
child,124122,1735422
child,64446,2157410
child,293142,1735266
child,79544,2158300
child,183374,2158401
child,335003,1735080
child,150677,2160318
child,283055,2161471
child,390934,1734940
child,332869,2163204
child,265167,1728987
child,401482,1728789
child,275613,1719574
child,164043,1721404
child,187302,466185
child,74788,1723548
child,194027,1723425
child,56599,1723299
child,306061,473686
child,33645,474151
child,215077,1722664
child,350765,1722578
child,568630,483037
child,148344,1722224
child,134460,485996
child,518517,1722112
child,371164,1721702
child,14768,1721616
child,193640,1721204
child,212682,1723963
child,24776,504545
child,471606,1721049
child,524638,511324
child,246843,515128
child,3967,1720578
child,236432,525476
child,80311,1720294
child,318754,545151
child,380797,1720193
child,509927,1720160
child,274970,1720130
child,72098,1720122
child,63307,1719996
child,488756,1214586
child,161586,465593
child,114886,1723970
child,468867,1728654
child,277956,1725668
child,124387,429580
child,245817,1728563
child,165012,430978
child,311273,1727820
child,366373,1727814
child,477924,435508
child,407617,1727749
child,371957,438248
child,93985,438252
child,569758,439483
child,267266,1727195
child,378670,1726362
child,26907,444816
child,81274,448588
child,467843,449130
child,52267,463613
child,191158,449567
child,268901,1725620
child,546670,449902
child,370009,1725142
child,236865,452409
child,558457,453474
child,302758,1724801
child,164848,456576
child,63617,457253
child,270609,457586
child,336166,459442
child,520528,461446
child,167369,1724192
child,435940,1724118
child,330387,439620
child,693,439854
child,288174,440333
child,171289,1217305
child,229180,1221194
child,136701,1221046
child,303590,1755987
child,431917,1220821
child,288944,2005328
child,121351,1220131
child,247141,2026468
child,354539,2027951
child,463217,2027973
child,211425,2151313
child,553078,2152475
child,548843,2152519
child,433093,1217755
child,306009,1217467
child,226119,2157649
child,540581,1747733
child,338108,2158518
child,210777,2158897
child,337528,1216991
child,519172,1216872
child,183650,2159984
child,309695,1215976
child,122123,1215842
child,336688,1215329
child,565613,1215071
child,84758,1215063
child,460996,1214809
child,356330,1214141
child,178446,2167582
child,248952,1213654
child,531453,1221689
child,540174,1746513
child,194097,2205696
child,138096,1710346
child,209842,1231908
child,480602,1231357
child,535060,1231085
child,9270,1684538
child,18656,1230316
child,259610,1229859
child,402689,1229677
child,559566,1229571
child,294712,1706170
child,346097,1229088
child,401962,1229020
child,152557,1228601
child,290899,1228576
child,321390,1710021
child,513292,1710349
child,393743,1742715
child,496040,1227051
child,299116,1714422
child,409708,1717684
child,521943,1721317
child,442387,1723244
child,236884,1724749
child,18928,1726407
child,496215,1224183
child,72944,1730916
child,516875,1732033
child,22048,1223697
child,540469,1735917
child,258023,1736319
child,68743,1742424
child,388974,2204563
child,216357,1212959
child,121381,440512
child,399839,434896
child,215376,424993
child,53315,427346
child,76034,427672
child,421228,1203534
child,546342,429847
child,114458,430252
child,355776,430532
child,547137,430878
child,94299,430904
child,87885,431797
child,190595,432456
child,54796,432730
child,108154,1201904
child,276893,434829
child,195086,434907
child,522256,1205445
child,308025,1200953
child,340002,1200794
child,4441,1200740
child,336431,435588
child,491823,1189583
child,86745,1188977
child,231589,436689
child,454112,569207
child,417835,567865
child,209868,437414
child,352937,437544
child,438531,438305
child,195870,438972
child,538175,439176
child,224079,1205411
child,187743,424463
child,425120,2206469
child,139917,208056
child,244931,2229428
child,424270,183511
child,78194,185192
child,434976,187101
child,216944,187619
child,334240,191700
child,536891,195214
child,278359,195296
child,512182,195508
child,85814,195978
child,31612,1209921
child,355179,205188
child,363577,205575
child,459121,207636
child,228418,210793
child,89367,424117
child,323746,1208621
child,234251,213139
child,475906,213647
child,157053,216631
child,442840,1208060
child,93329,226259
child,424879,231220
child,146568,251999
child,33270,254172
child,126340,421234
child,436967,1206604
child,8832,422665
child,368125,1206140
child,256940,423162
child,532787,1251156
child,8923,1244329
child,321642,1232952
child,447460,467373
child,255056,1285299
child,61315,464392
child,175978,1282457
child,388805,1282386
child,80771,1281228
child,161793,1281129
child,208566,465314
child,32474,1279790
child,10785,465848
child,545582,1279305
child,560918,466567
child,476620,466805
child,12153,467000
child,77821,467296
child,522065,467390
child,572879,1287404
child,126257,467497
child,458232,1274167
child,528966,469467
child,514506,1272601
child,507935,470185
child,385861,470795
child,193023,1270073
child,341041,472528
child,69587,1268919
child,576526,1268255
child,326284,473770
child,218284,1266547
child,521327,1265382
child,279420,475632
child,525153,1287031
child,180662,463792
child,190863,1232980
child,21204,1686511
child,466533,440834
child,234500,440907
child,64399,440968
child,569353,1705845
child,428986,1704790
child,60415,1701895
child,467589,1701398
child,163089,1700930
child,337339,1697476
child,455414,445688
child,18542,1691160
child,99615,448428
child,11300,448589
child,136938,449432
child,365782,1684126
child,500965,463244
child,207556,1683630
child,18336,452135
child,447336,1682963
child,219629,452681
child,355453,454702
child,527291,1680092
child,514222,455561
child,207647,1679029
child,252054,458187
child,139230,1327896
child,283475,1316449
child,434930,460343
child,90864,461748
child,489739,461895
child,54678,1264132
child,75999,1263238
child,315218,1263229
child,188866,559214
child,492079,519787
child,224020,523490
child,106222,1240883
child,168291,1239712
child,327695,1238595
child,368986,1238439
child,118167,1237767
child,8909,1237641
child,71495,546486
child,142346,548991
child,540868,1237521
child,165757,1236899
child,214293,557936
child,507065,559115
child,390731,1188766
child,332832,1260721
child,317986,1236586
child,17755,1204600
child,95027,1235883
child,37655,1206342
child,220571,1235634
child,195677,1235440
child,570963,1234907
child,198223,1220259
child,111490,1234134
child,143103,1223639
child,20641,1224838
child,383419,1228624
child,570579,1230605
child,553074,1236803
child,384723,518103
child,33044,517534
child,424837,1241967
child,547417,1242003
child,193342,1259564
child,421564,480915
child,467477,481886
child,393243,482152
child,454219,1255389
child,103166,1255373
child,108859,1254798
child,428,487626
child,104994,1253234
child,362853,1252370
child,15600,489846
child,114052,1250916
child,222833,492187
child,293070,1250729
child,448998,496844
child,344298,1248967
child,186026,497477
child,550476,1248411
child,315713,1248001
child,565312,1247287
child,387250,501853
child,235591,1246265
child,31943,1245633
child,576085,506117
child,144065,507770
child,557376,1243831
child,211458,1243651
child,489622,1243564
child,330955,509855
child,309168,490806
child,38426,490793
child,6579,2161928
child,390829,452587
child,370626,425912
child,155735,452838
child,115275,426001
child,266990,426009
child,192277,426030
child,301604,426074
child,508861,452776
child,27267,426105
child,499111,452710
child,66669,452694
child,262095,426219
child,97598,452679
child,175606,452649
child,357975,426266
child,377613,452581
child,78451,425829
child,291752,426305
child,34557,426361
child,439278,452524
child,443913,452507
child,150053,426411
child,284192,426442
child,111756,452472
child,64749,426485
child,256533,452412
child,524677,452399
child,395830,426526
child,63482,452218
child,550237,452112
child,384573,426740
child,517232,425844
child,362446,453003
child,353860,426870
child,45989,425258
child,183007,424781
child,564639,424784
child,305686,453925
child,143367,424807
child,242981,424830
child,129331,424900
child,371745,453736
child,471913,425021
child,581278,425058
child,517906,425143
child,425078,425144
child,18523,425157
child,298322,425221
child,497498,453580
child,256936,453517
child,572326,453029
child,363114,425391
child,367058,425401
child,213355,425439
child,272716,425441
child,33643,425472
child,546643,453384
child,155754,425523
child,494125,425526
child,292145,453335
child,278737,425569
child,73434,425590
child,419800,453270
child,213555,453243
child,188858,425741
child,195064,426750
child,173121,426872
child,248419,454081
child,246729,428461
child,458925,427783
child,400544,427816
child,55859,450908
child,144530,427831
child,247807,427896
child,183690,427925
child,550235,427973
child,33303,428000
child,410739,428062
child,481442,450650
child,371534,428142
child,338281,450587
child,376791,428304
child,578770,428330
child,290378,450316
child,331747,427735
child,288659,450313
child,295245,428577
child,326584,428634
child,436619,450126
child,61561,428748
child,113276,450065
child,157350,428771
child,438867,450004
child,201655,449998
child,109139,428914
child,365792,428937
child,188510,428950
child,423389,449793
child,135015,429014
child,441663,427745
child,48163,451029
child,223761,451956
child,356782,451482
child,59146,426942
child,408917,426971
child,421813,426994
child,386250,451884
child,303241,427097
child,41597,427108
child,528912,451824
child,105282,451822
child,354268,427122
child,534459,427187
child,332270,451641
child,168377,427221
child,298315,451583
child,98937,451580
child,55539,427310
child,195062,451050
child,561156,451440
child,421253,427326
child,48220,427350
child,23176,427398
child,373318,451320
child,451690,427439
child,357413,427450
child,191648,427466
child,441228,427485
child,133194,451179
child,399317,451175
child,512531,427586
child,214191,427618
child,303599,451113
child,564915,454005
child,469667,454151
child,561407,459999
child,369338,421827
child,331852,458204
child,270661,421619
child,486738,421624
child,401416,421638
child,268129,458152
child,337177,458150
child,122189,421671
child,530945,458117
child,106772,421702
child,104977,421706
child,59736,458031
child,508004,458017
child,127522,457989
child,347509,457981
child,519588,421871
child,533079,458313
child,57794,457768
child,463304,421976
child,385241,422010
child,129738,457519
child,547672,422118
child,300186,422123
child,93580,457397
child,488980,422140
child,421897,457204
child,528448,422212
child,65179,457182
child,154547,422247
child,539754,457057
child,259676,422317
child,51478,458228
child,335744,458359
child,236228,422357
child,5198,263210
child,457745,252234
child,439322,459875
child,336491,253257
child,79606,459815
child,18359,253875
child,304456,253979
child,461114,459572
child,7839,255979
child,291349,256319
child,91055,256495
child,162475,459463
child,326601,459449
child,449032,459174
child,322362,459163
child,114258,459103
child,564211,458368
child,104888,459068
child,46818,421031
child,560481,421051
child,473373,458908
child,424553,458755
child,447588,458733
child,282450,421260
child,525990,421322
child,18683,458571
child,477759,421365
child,138473,421369
child,495182,421376
child,512916,458491
child,180628,458452
child,450974,457016
child,129056,422420
child,403198,424503
child,80200,454719
child,558618,455407
child,190297,455394
child,474174,455368
child,39664,455347
child,581393,423562
child,165388,455264
child,405133,423642
child,282692,423706
child,255392,454953
child,298878,423828
child,414010,423935
child,102734,454796
child,281906,454794
child,342965,454780
child,132516,424048
child,37666,455586
child,321907,424062
child,292211,424096
child,23447,424134
child,505265,454577
child,431865,424169
child,47550,454487
child,43024,424181
child,158933,424226
child,453787,454372
child,516500,454356
child,209875,454355
child,485907,454287
child,321491,454248
child,19737,424491
child,358113,455548
child,505633,455647
child,292249,456903
child,520637,456305
child,421243,422433
child,31157,422443
child,89922,456846
child,88214,456813
child,179039,422517
child,423479,422533
child,488634,456700
child,435695,422564
child,243211,456560
child,229856,422660
child,268123,456389
child,346956,422724
child,369642,456336
child,296987,422777
child,246713,422783
child,293587,455709
child,387358,456298
child,287386,456078
child,143944,456058
child,38532,455968
child,215655,455930
child,205059,423096
child,302657,455887
child,453621,455885
child,203429,455883
child,308299,455867
child,169854,455854
child,148810,423209
child,8014,423215
child,146084,423287
child,338838,429066
child,316703,449768
child,144641,449586
child,449947,437382
child,368918,436357
child,511550,442936
child,214395,436457
child,456161,442804
child,494222,436700
child,437808,442730
child,369167,442718
child,547039,442712
child,94718,442535
child,241767,442505
child,541282,437046
child,84108,437092
child,355620,442435
child,288156,442424
child,470960,437399
child,420124,442971
child,283835,442148
child,457029,437513
child,422542,442115
child,113140,442105
child,241945,437625
child,5219,442047
child,250978,442035
child,82984,437745
child,508328,437748
child,519465,441951
child,138200,441946
child,489762,437823
child,73197,437892
child,474256,437901
child,169171,442961
child,317587,442976
child,196900,441835
child,492545,435620
child,412371,435198
child,112959,435223
child,254703,443763
child,132816,443742
child,558619,435291
child,275938,435327
child,503976,443704
child,466243,435387
child,69290,435403
child,295620,435423
child,275793,443599
child,460598,443540
child,363504,443485
child,15619,443388
child,341212,435624
child,160181,442985
child,29706,443358
child,433451,435713
child,153572,435786
child,64827,435807
child,89703,435822
child,21963,435854
child,391394,435882
child,206890,435940
child,467745,443123
child,370,436109
child,575631,443081
child,349017,436140
child,318179,443018
child,239436,442998
child,523641,437902
child,525898,437958
child,438762,449548
child,418214,439476
child,220113,440691
child,247065,440635
child,228920,440632
child,210187,439105
child,264395,439119
child,437282,439121
child,152600,440580
child,32513,439211
child,175883,439233
child,50358,439244
child,205309,439252
child,121167,439334
child,221661,439362
child,539844,440433
child,261710,440336
child,126967,439027
child,55221,440329
child,354532,440292
child,137365,439626
child,436979,439660
child,570945,439668
child,89103,440166
child,191643,440146
child,343393,440107
child,104444,440104
child,208857,440061
child,519617,439847
child,260977,439855
child,42122,439863
child,292687,439970
child,86564,440695
child,468319,440758
child,450991,441736
child,380909,441272
child,177440,438094
child,28327,438100
child,376109,441656
child,220046,438114
child,578337,438148
child,367005,438194
child,45004,441538
child,211234,441519
child,246016,438241
child,404943,438285
child,399956,438296
child,257498,441329
child,140065,441275
child,272967,438462
child,347482,441262
child,359262,440810
child,84959,438583
child,483381,438619
child,443681,438623
child,292537,441150
child,222206,438708
child,112250,438740
child,515426,438790
child,119129,438801
child,121358,438843
child,520873,438878
child,290645,438883
child,423193,438885
child,295020,438889
child,149358,438915
child,386684,443923
child,497028,443957
child,95029,435077
child,161438,431289
child,204467,430873
child,218836,447820
child,46306,447815
child,220485,430928
child,71024,430967
child,267502,447695
child,542723,447681
child,265382,431083
child,567439,431107
child,256766,431118
child,221189,431127
child,571448,431157
child,267732,431160
child,570477,431232
child,562157,431364
child,12873,447865
child,89254,447368
child,478174,431514
child,58035,431563
child,75322,431895
child,177925,432100
child,23218,446805
child,309502,446738
child,88956,432205
child,292440,432211
child,406659,446651
child,379130,432325
child,44228,446615
child,511392,432433
child,190415,446483
child,147172,447825
child,483008,430794
child,317131,444026
child,190905,430017
child,239745,449442
child,536798,429487
child,37001,429511
child,121000,429627
child,340008,429682
child,390278,449178
child,482894,429698
child,449422,429732
child,569553,449071
child,350984,449046
child,208082,448842
child,41014,429964
child,317237,448802
child,171648,429977
child,370229,430033
child,254800,430703
child,342381,430044
child,451061,430128
child,504165,448331
child,377159,448275
child,162386,430329
child,315964,448244
child,349512,430390
child,565714,448134
child,472630,448131
child,180483,448077
child,476971,448068
child,528556,448008
child,473499,430633
child,281505,430634
child,79058,446467
child,171269,432472
child,84155,432557
child,423836,434383
child,526681,444956
child,548471,444939
child,395933,444901
child,132298,444882
child,369603,434114
child,185759,434164
child,151764,444699
child,494330,444682
child,223595,434258
child,172176,434269
child,96067,434286
child,226562,434299
child,502632,434344
child,391252,434371
child,278204,444575
child,496183,446345
child,178504,444570
child,345668,434490
child,321562,434513
child,468956,434558
child,23047,444347
child,463055,434589
child,468876,434618
child,502800,434844
child,320537,434948
child,418927,444088
child,557974,434958
child,179770,435006
child,132114,444045
child,201640,444030
child,510424,434023
child,357738,433926
child,207471,445110
child,217339,433903
child,387281,446315
child,244284,432637
child,545673,446042
child,28650,432937
child,205355,445957
child,516474,445930
child,216637,445860
child,185486,433155
child,283279,433165
child,244476,433273
child,40954,433292
child,145593,433385
child,348279,433411
child,109141,433431
child,542576,433451
child,551036,433476
child,352585,433477
child,536149,433479
child,117377,445422
child,153938,445416
child,416690,445406
child,122731,433548
child,59165,445328
child,541131,445263
child,560555,433673
child,88087,445231
child,575601,445217
child,276124,433822
child,29519,433847
child,467332,459946
child,576622,251238
child,572210,2162724
child,53897,478565
child,36267,190660
child,90523,190747
child,458596,190772
child,399185,190788
child,367523,479307
child,260292,479289
child,403074,479047
child,331680,191256
child,291499,478983
child,88315,478929
child,275760,191425
child,197862,478862
child,14928,191640
child,329354,478794
child,478457,478399
child,397005,479758
child,112208,192046
child,19642,478315
child,510656,478311
child,561776,478303
child,137173,192227
child,531751,478218
child,517468,478062
child,294509,478043
child,369575,192459
child,487869,477951
child,111649,192629
child,110209,192852
child,361604,192927
child,231322,477473
child,443094,190602
child,76179,480001
child,499108,477267
child,416371,480986
child,250357,189193
child,477579,189233
child,313694,189321
child,414389,189327
child,123269,481492
child,539494,481482
child,578363,481329
child,464603,481291
child,506988,481267
child,425141,481199
child,547419,189544
child,152237,481050
child,200064,189655
child,310214,480992
child,275893,480962
child,151564,190403
child,487090,480914
child,290260,189808
child,496420,189859
child,177840,480698
child,300622,480616
child,549744,190005
child,400850,190074
child,521169,190091
child,305291,480557
child,363786,480492
child,341429,190150
child,488395,480269
child,122752,480211
child,513087,480012
child,271466,477273
child,34409,477170
child,514749,481707
child,483856,196880
child,511562,474530
child,38116,474505
child,210090,196232
child,108739,474462
child,570307,196299
child,360152,474390
child,513676,196444
child,82142,196464
child,270135,474245
child,379914,196682
child,272735,474114
child,545181,196707
child,331551,474059
child,280764,474034
child,558705,473919
child,294795,474891
child,284994,473887
child,97376,473839
child,226343,197199
child,396775,473765
child,104596,197230
child,24971,473667
child,319581,473658
child,113619,197307
child,488801,473643
child,557685,197462
child,341996,197478
child,488413,473604
child,338431,473513
child,404302,197695
child,376715,196109
child,318132,195820
child,480797,193528
child,287303,194578
child,367280,193590
child,455473,193593
child,472329,476849
child,321168,476799
child,504492,476649
child,176671,193960
child,86243,194129
child,556207,194166
child,442364,476295
child,41056,194330
child,470541,476149
child,441795,476126
child,567645,476108
child,445099,476028
child,473678,194583
child,562296,195750
child,48398,194727
child,94132,194736
child,523220,194849
child,156069,475751
child,91638,475730
child,121068,475615
child,139907,475563
child,102143,475364
child,182902,195301
child,510087,195302
child,150537,475283
child,36653,475187
child,495477,475119
child,76680,475011
child,51735,189175
child,431715,481850
child,220504,239261
child,523225,184847
child,80475,184003
child,470025,488317
child,523834,184091
child,249822,488064
child,139275,487876
child,1360,184444
child,281431,487806
child,6357,184551
child,410772,184597
child,62893,184606
child,151699,487651
child,155090,184639
child,440853,184667
child,218539,487598
child,66420,487452
child,239757,488590
child,381967,487387
child,461870,184952
child,92799,487196
child,125125,487171
child,351888,487130
child,134240,185064
child,579950,487098
child,527834,487072
child,71236,185149
child,193110,486922
child,315111,185233
child,358104,185288
child,576630,486530
child,59012,486317
child,575273,488579
child,142153,183908
child,375150,185586
child,44474,183024
child,557896,2163892
child,518273,490500
child,289572,2190884
child,272034,490349
child,137130,2205924
child,369685,2206708
child,103973,490317
child,300876,2207366
child,358172,490265
child,63922,900100063922
child,561547,490231
child,305899,490003
child,479557,900100479557
child,384160,489791
child,196525,489380
child,352360,488729
child,41225,183208
child,54995,183272
child,61260,183322
child,563031,489176
child,578924,489117
child,65163,489050
child,4442,488948
child,299689,488868
child,286876,488862
child,282566,488845
child,106748,183723
child,554169,488784
child,363987,183746
child,197635,488769
child,72429,486284
child,164634,486023
child,565146,481852
child,429433,188242
child,149755,187412
child,407548,187534
child,235314,483524
child,212420,187805
child,501263,187834
child,143636,483399
child,107565,483270
child,524649,483221
child,271066,187982
child,543201,187985
child,213135,188053
child,382383,483099
child,465351,483085
child,259170,188172
child,337207,482894
child,145211,187264
child,219194,188263
child,556039,188308
child,165064,482841
child,135820,482778
child,225719,482614
child,158044,482524
child,394349,188564
child,319115,188607
child,33505,188620
child,381789,188655
child,12574,188745
child,23415,482144
child,383828,188824
child,187582,481873
child,354335,484042
child,155666,187075
child,460033,185725
child,548184,186267
child,156026,485968
child,274758,185764
child,127076,485921
child,338960,185798
child,176318,485832
child,141800,185803
adult,254241,467397
adult,374181,467527
adult,303578,467552
adult,17591,466950
adult,324643,467553
adult,377816,467688
adult,38232,467668
adult,347359,467648
adult,196119,467635
adult,5828,467633
adult,548451,467610
adult,272671,2152644
adult,95273,467596
adult,417016,467586
adult,314899,467579
adult,190002,467577
adult,75402,467565
adult,351384,2152665
adult,252859,467563
adult,297417,2152672
adult,311092,467393
adult,31462,467389
adult,166310,467385
adult,194043,467381
adult,491177,2152759
adult,268251,467092
adult,525660,467088
adult,132038,2152765
adult,330175,467085
adult,108688,467033
adult,431625,467026
adult,173801,2152768
adult,352310,467010
adult,352454,466999
adult,80952,466998
adult,69284,466992
adult,493365,2152786
adult,263406,466985
adult,468299,466974
adult,482446,467118
adult,316970,467128
adult,1895,467135
adult,317061,467269
adult,560594,467369
adult,262465,467326
adult,60572,467323
adult,358674,467303
adult,13844,467293
adult,371470,467288
adult,9698,2152726
adult,81283,467139
adult,542745,467250
adult,303111,2152728
adult,488234,2152734
adult,45949,2152745
adult,533377,467177
adult,560015,467157
adult,568790,466294
adult,133257,466274
adult,897,464910
adult,466985,465308
adult,415594,465282
adult,368476,465273
adult,519929,2153429
adult,553609,465252
adult,539313,465251
adult,339595,465232
adult,457324,465226
adult,222346,465223
adult,181757,465221
adult,431312,465220
adult,310136,465211
adult,538272,465192
adult,416524,2153433
adult,22593,465190
adult,234352,2153483
adult,369491,2153424
adult,412657,465332
adult,137387,465597
adult,451165,2153421
adult,110060,465555
adult,323153,2153409
adult,230275,465499
adult,16142,2153418
adult,363847,465472
adult,404917,465459
adult,361829,465455
adult,84902,465446
adult,399630,465444
adult,552956,465433
adult,225307,465389
adult,469124,465377
adult,291207,465364
adult,180821,465353
adult,183539,465343
adult,256875,465181
adult,143182,2153502
adult,529910,2153538
adult,509671,465155
adult,356224,465010
adult,211478,2153571
adult,58738,465009
adult,552641,465008
adult,425822,465000
adult,556855,464991
adult,180460,464977
adult,484929,464972
adult,180593,464965
adult,182379,464964
adult,476447,464954
adult,213107,464926
adult,243373,464924
adult,217465,464911
adult,534065,2153581
adult,329592,465021
adult,82495,465033
adult,349267,465048
adult,446705,465114
adult,308758,2153544
adult,317040,465139
adult,555833,2153548
adult,121263,465135
adult,70809,465129
adult,556883,465121
adult,182620,465113
adult,477343,2153559
adult,495810,465094
adult,372353,465092
adult,130741,2153550
adult,288753,465063
adult,153194,465060
adult,199992,465053
adult,567337,2153405
adult,469347,465608
adult,130406,466270
adult,326373,466155
adult,500194,2153200
adult,519483,466107
adult,105504,466104
adult,273363,466098
adult,517140,466090
adult,320390,2153201
adult,243304,466063
adult,471330,466062
adult,483033,466051
adult,340674,466047
adult,351240,2153204
adult,539055,466033
adult,379742,2153217
adult,513810,466032
adult,409468,466022
adult,241838,466123
adult,141146,466159
adult,563457,465609
adult,472426,466167
adult,492654,466258
adult,414373,466246
adult,440813,466242
adult,306544,466228
adult,153190,466224
adult,319605,466215
adult,114169,466204
adult,353274,466197
adult,6531,466194
adult,347016,466193
adult,491737,466191
adult,515275,466184
adult,348202,466176
adult,460780,2153188
adult,228456,466168
adult,16173,466014
adult,294020,465982
adult,258101,465974
adult,474391,2153225
adult,392270,465804
adult,186544,465802
adult,382693,2153308
adult,85666,465778
adult,155914,465771
adult,61895,465766
adult,75341,465723
adult,503871,2153351
adult,371301,465689
adult,500954,465687
adult,517909,465684
adult,106521,2153360
adult,213103,465634
adult,241762,2153391
adult,58105,465614
adult,449865,465815
adult,500898,465816
adult,355175,465828
adult,383330,465870
adult,446872,465961
adult,310875,2153246
adult,73941,465912
adult,572500,465904
adult,436660,465884
adult,425430,465876
adult,65643,2153279
adult,300399,465839
adult,236184,2153284
adult,214464,465856
adult,222758,465854
adult,264250,465851
adult,47260,2153305
adult,495055,465840
adult,83808,472353
adult,442668,474030
adult,460114,472367
adult,575664,483025
adult,553313,482990
adult,416576,482975
adult,569196,482956
adult,4527,482953
adult,342510,482943
adult,215618,482933
adult,194850,482903
adult,170917,482899
adult,472012,2033452
adult,5139,482891
adult,361009,482872
adult,171063,482868
adult,489890,482862
adult,33315,482858
adult,308433,2033540
adult,237923,483006
adult,301160,483038
adult,341844,482812
adult,352877,483047
adult,174842,483227
adult,84383,2033340
adult,225054,483201
adult,111759,2033343
adult,85154,483188
adult,443033,2033418
adult,162989,483150
adult,220101,483148
adult,520378,483136
adult,348179,2033441
adult,180851,483131
adult,127301,483125
adult,87320,483097
adult,403826,483087
adult,82508,483071
adult,462964,482824
adult,238828,482799
adult,181474,482232
adult,46003,482502
adult,312299,482467
adult,412761,482464
adult,276017,2033707
adult,578707,482443
adult,422563,2033723
adult,204075,482428
adult,122586,482408
adult,269997,482405
adult,141608,2033767
adult,306384,482342
adult,253334,482321
adult,546020,482293
adult,55689,482285
adult,422956,482271
adult,122537,482258
adult,91154,482476
adult,211433,482511
adult,133766,482798
adult,352680,482515
adult,254127,482797
adult,501004,482792
adult,222309,482785
adult,539702,482752
adult,6715,482750
adult,208140,482721
adult,519433,482705
adult,468253,482677
adult,251509,482635
adult,351262,2033636
adult,283730,482588
adult,248023,482550
adult,53900,2033643
adult,516840,2033678
adult,178996,482519
adult,95341,483259
adult,97483,2033260
adult,550934,483306
adult,459524,2032908
adult,27282,484026
adult,189182,484018
adult,171737,484003
adult,288018,2033036
adult,552657,483996
adult,84193,483987
adult,385178,483973
adult,48282,483970
adult,398569,483957
adult,131339,483948
adult,142771,483918
adult,377245,483914
adult,139380,483889
adult,419700,483879
adult,181027,483839
adult,406356,484031
adult,43071,484098
adult,98002,483321
adult,526856,484130
adult,179687,484315
adult,234396,484306
adult,243527,484298
adult,525085,484290
adult,120120,484263
adult,146015,484251
adult,253691,484219
adult,366207,2032886
adult,107054,484214
adult,84469,484199
adult,106874,484198
adult,569294,484196
adult,566032,484193
adult,442725,484172
adult,459718,484141
adult,181766,483829
adult,210570,483810
adult,481832,483789
adult,35008,483765
adult,511160,2033109
adult,410791,483509
adult,511700,483489
adult,55512,483484
adult,564328,483437
adult,276128,483407
adult,330174,2033148
adult,154907,2033195
adult,451018,483404
adult,21650,2033253
adult,151664,483367
adult,227186,483359
adult,438504,483335
adult,329888,483332
adult,10871,483328
adult,207521,483554
adult,134265,483566
adult,262238,483587
adult,400264,483680
adult,42418,483763
adult,23395,483748
adult,173745,483743
adult,336390,483725
adult,360173,483716
adult,309152,483693
adult,282590,483672
adult,507972,483609
adult,177957,483660
adult,572533,483650
adult,23919,483644
adult,523314,483642
adult,66309,483633
adult,183212,483612
adult,64379,482251
adult,551867,482223
adult,557245,484356
adult,245566,2148565
adult,483078,480987
adult,43444,480981
adult,82947,480976
adult,69770,2148706
adult,295961,480949
adult,544059,480939
adult,119666,480927
adult,101211,480925
adult,114459,2148734
adult,80892,480911
adult,64010,2148825
adult,465143,480878
adult,545670,480872
adult,376882,480869
adult,87880,480853
adult,226055,481043
adult,505936,2148514
adult,200812,480791
adult,373120,481056
adult,233688,481284
adult,430369,481280
adult,229969,2148356
adult,485350,481248
adult,398124,481225
adult,411341,481218
adult,519381,2148408
adult,212450,481142
adult,543830,2148478
adult,340187,481125
adult,184157,481104
adult,254795,481096
adult,413472,481077
adult,352088,481069
adult,205858,481068
adult,335518,2148895
adult,295740,480754
adult,123711,2033768
adult,501638,480534
adult,26747,2149397
adult,182411,480484
adult,277503,2149448
adult,452348,480475
adult,73951,480463
adult,135794,480451
adult,548926,480444
adult,218802,480374
adult,495615,480365
adult,185730,480347
adult,180639,480295
adult,564217,2149451
adult,32903,480228
adult,175012,480227
adult,343310,480178
adult,94766,480523
adult,468428,480546
adult,567827,480747
adult,81199,2149350
adult,84397,480746
adult,112783,480712
adult,346795,480706
adult,578521,2148902
adult,259277,480646
adult,542316,480629
adult,487458,480623
adult,56845,2148945
adult,304336,480607
adult,442148,480590
adult,74570,480583
adult,520554,480578
adult,212695,480567
adult,127612,2149282
adult,450977,480563
adult,306525,481285
adult,2470,2034392
adult,345188,481300
adult,439712,482049
adult,286328,482020
adult,206044,481984
adult,428011,481959
adult,217661,481942
adult,26031,481940
adult,472827,481930
adult,143064,481910
adult,435460,2033793
adult,461786,481864
adult,223420,481862
adult,165727,481859
adult,434038,2033851
adult,238604,2033927
adult,53177,481837
adult,267199,481819
adult,448606,482030
adult,7123,482067
adult,60979,481301
adult,562556,482086
adult,107959,482220
adult,486413,482198
adult,408239,482187
adult,33272,482185
adult,419171,482184
adult,232245,482180
adult,349243,482141
adult,265364,482131
adult,27348,2033783
adult,503456,482115
adult,61288,482112
adult,208057,482105
adult,186342,482099
adult,84386,482094
adult,53496,482091
adult,18935,481796
adult,563435,481766
adult,384328,481760
adult,558134,481715
adult,522185,481507
adult,360778,2034191
adult,190382,2034275
adult,237064,2034384
adult,198653,481477
adult,423332,481446
adult,212248,481422
adult,515102,481414
adult,434782,481400
adult,89616,481393
adult,435303,481373
adult,27862,481358
adult,268899,481346
adult,303788,481334
adult,511571,481313
adult,401553,2034178
adult,7596,481510
adult,522898,481545
adult,241490,481622
adult,543521,481708
adult,130111,2033936
adult,574757,481703
adult,440496,481694
adult,450340,481662
adult,528796,2034023
adult,276842,2034036
adult,292727,481548
adult,5086,481603
adult,383929,2034091
adult,101531,481594
adult,273407,481593
adult,431885,481581
adult,172506,481567
adult,385280,484328
adult,515216,484391
adult,12096,480127
adult,404766,487493
adult,83755,487488
adult,29191,487448
adult,532449,487440
adult,450749,487438
adult,288421,487420
adult,338086,2030036
adult,499396,487378
adult,334448,487370
adult,379586,487369
adult,41854,487365
adult,286306,2030170
adult,335110,487358
adult,562067,487339
adult,16314,487238
adult,265833,487223
adult,250401,487492
adult,494531,487516
adult,426088,487205
adult,562071,487527
adult,496339,487685
adult,220033,487656
adult,387606,2029933
adult,255329,2029968
adult,446533,2029990
adult,183233,487639
adult,545209,487632
adult,425036,487616
adult,363624,2030007
adult,509538,487595
adult,561849,487588
adult,576803,487582
adult,124106,487569
adult,434767,487547
adult,141386,487530
adult,511670,487211
adult,24714,487198
adult,123190,2030761
adult,65831,486951
adult,551795,2030638
adult,497759,486921
adult,348288,486894
adult,477328,486879
adult,524679,2030691
adult,132959,486852
adult,262862,486828
adult,8772,486816
adult,205620,2030717
adult,63140,486715
adult,324882,486656
adult,160679,486654
adult,538380,486641
adult,92221,486640
adult,97672,486628
adult,464593,486933
adult,121562,2030550
adult,471783,487197
adult,445074,487003
adult,208945,2030211
adult,21253,2030332
adult,8747,487166
adult,320354,487160
adult,448689,2030379
adult,3276,2030398
adult,357837,487118
adult,59293,487110
adult,341413,487100
adult,458143,2030436
adult,508724,487081
adult,480023,2030489
adult,129247,487070
adult,436974,487034
adult,80428,487012
adult,489066,2029914
adult,524338,2029910
adult,512292,2029894
adult,131580,488457
adult,41729,488402
adult,287038,488383
adult,398834,488368
adult,280788,488347
adult,347256,488338
adult,290062,2029734
adult,458616,488313
adult,26780,488264
adult,528076,488240
adult,419571,488218
adult,73180,488197
adult,303137,488192
adult,413334,488186
adult,216029,488169
adult,360112,488166
adult,154007,488405
adult,468818,2029439
adult,571334,487695
adult,370273,488460
adult,546686,488710
adult,93851,488703
adult,165820,488676
adult,60567,488651
adult,439801,488642
adult,462813,2029373
adult,413719,488638
adult,160694,488636
adult,237044,488583
adult,242457,2029410
adult,154008,488558
adult,486714,488514
adult,20044,488511
adult,300280,488507
adult,218956,488487
adult,338121,488156
adult,295032,488143
adult,575391,488138
adult,315411,488128
adult,455995,487872
adult,440157,487855
adult,456637,487840
adult,386542,487836
adult,203876,487811
adult,67515,2029844
adult,332958,487790
adult,103566,487788
adult,14801,487783
adult,521452,487767
adult,483451,487753
adult,228209,487706
adult,483080,487702
adult,201114,487699
adult,489385,487698
adult,406535,2029799
adult,179418,2029746
adult,555311,487879
adult,71344,488018
adult,523243,488114
adult,473771,488104
adult,494599,488084
adult,546518,488073
adult,414276,488069
adult,405246,2029743
adult,259960,487999
adult,482699,487902
adult,452814,487995
adult,545108,487988
adult,493742,487976
adult,267556,487940
adult,191456,487914
adult,519438,487911
adult,212271,486578
adult,138846,486527
adult,135966,484392
adult,147865,485103
adult,408481,485073
adult,322160,485068
adult,87604,485051
adult,51946,485043
adult,267015,485040
adult,482694,484993
adult,215564,2032316
adult,126437,484927
adult,457667,484925
adult,13908,484874
adult,30779,484830
adult,48558,484803
adult,218784,484793
adult,123539,484769
adult,313674,484765
adult,45086,485098
adult,37552,485109
adult,290969,484762
adult,497980,485139
adult,173239,485312
adult,369529,485274
adult,38910,485243
adult,495832,485242
adult,154955,2032149
adult,333164,485234
adult,97514,485231
adult,384775,2032280
adult,465855,485228
adult,528108,485222
adult,36473,485210
adult,180966,485182
adult,312802,485158
adult,79567,485154
adult,209380,485143
adult,37193,2032326
adult,244135,484754
adult,285091,486518
adult,571236,484581
adult,122453,484560
adult,37857,484548
adult,350518,484541
adult,199829,2032522
adult,107362,484514
adult,319440,2032602
adult,299920,2032603
adult,179551,2032739
adult,336230,2032760
adult,353740,484464
adult,435931,484451
adult,138641,484428
adult,303548,484424
adult,373898,484403
adult,531027,484394
adult,212187,484580
adult,20012,484582
adult,568668,484742
adult,135685,484602
adult,161251,2032438
adult,393664,2032444
adult,81284,484700
adult,241904,484678
adult,146849,484676
adult,393224,2032472
adult,473508,484671
adult,501022,484656
adult,478741,2032505
adult,577196,484641
adult,347327,484632
adult,335695,484620
adult,271383,484619
adult,24380,2032515
adult,91171,484606
adult,86823,2032076
adult,26635,2031984
adult,80441,2031887
adult,289075,486188
adult,438888,486094
adult,577586,486090
adult,210729,486086
adult,70403,2031062
adult,192454,485985
adult,198558,2031084
adult,564459,2031208
adult,126408,485948
adult,189026,485932
adult,455430,485928
adult,39705,485922
adult,492975,2031248
adult,522708,2031341
adult,532799,485918
adult,206278,485892
adult,374680,486167
adult,186791,2030903
adult,376557,485330
adult,562247,486191
adult,50263,486498
adult,223068,486457
adult,445263,486452
adult,79552,486433
adult,25103,486430
adult,436735,2030808
adult,327735,486315
adult,269234,486303
adult,491910,2030818
adult,324969,486267
adult,323672,486266
adult,49913,486261
adult,357690,486233
adult,93176,486208
adult,28415,486203
adult,362793,485877
adult,104211,2031391
adult,473983,2031424
adult,577879,2031501
adult,298152,485497
adult,148747,485477
adult,337490,485454
adult,95744,2031819
adult,65030,485430
adult,429059,485411
adult,264642,485409
adult,418384,485392
adult,472796,2031878
adult,259585,485388
adult,178951,485380
adult,443188,485371
adult,37030,485368
adult,347990,485338
adult,429803,485336
adult,19594,485499
adult,153639,485509
adult,486620,2031695
adult,156757,2031636
adult,23429,2031580
adult,552234,2031590
adult,570822,485796
adult,159729,485775
adult,246971,485750
adult,474984,485691
adult,536087,485673
adult,504027,485563
adult,203809,485667
adult,266756,485666
adult,86987,485659
adult,536827,2031648
adult,514232,485638
adult,451121,485607
adult,180470,480161
adult,510866,480109
adult,188875,472370
adult,139551,474969
adult,38411,474944
adult,158183,2151195
adult,288180,474936
adult,263957,474931
adult,335131,474928
adult,51862,474927
adult,480437,474924
adult,68085,474921
adult,39398,2151238
adult,158391,2151244
adult,54324,474871
adult,144258,474856
adult,180587,474834
adult,529322,474819
adult,94026,474808
adult,66995,474958
adult,235987,474983
adult,365069,474776
adult,246797,2151190
adult,243509,2151185
adult,408491,475158
adult,497797,475149
adult,46207,475138
adult,575713,475092
adult,314855,475091
adult,344941,475087
adult,410960,475068
adult,350837,475067
adult,401829,475055
adult,133839,475054
adult,506550,475039
adult,488033,475026
adult,136819,475020
adult,142208,475015
adult,420692,474806
adult,321824,474769
adult,208252,474182
adult,313306,2151279
adult,67241,474422
adult,532605,2151298
adult,412365,474357
adult,488583,474342
adult,425798,474329
adult,187098,2151304
adult,285292,2151309
adult,451703,474315
adult,18704,474313
adult,479944,474311
adult,380981,474297
adult,47487,474293
adult,146049,2151315
adult,329380,474225
adult,281293,474223
adult,163331,474445
adult,477351,474487
adult,118162,474742
adult,267152,474489
adult,131486,474709
adult,473793,474699
adult,134297,474672
adult,334671,474652
adult,483154,474631
adult,151840,474605
adult,159199,474598
adult,342681,474597
adult,227485,474583
adult,354993,474558
adult,187071,474544
adult,562360,2151263
adult,380100,474511
adult,429039,2151274
adult,96573,474502
adult,552985,475193
adult,402708,475197
adult,188630,475198
adult,460095,475946
adult,21883,475916
adult,191093,475889
adult,170101,475886
adult,262418,475881
adult,123923,475878
adult,389729,475834
adult,536417,2150976
adult,34795,2150978
adult,470915,475810
adult,377218,475804
adult,8468,475784
adult,505391,475777
adult,283107,2150998
adult,132724,475775
adult,252439,475766
adult,579440,475938
adult,130513,475995
adult,34113,475239
adult,534694,2150960
adult,61918,476234
adult,49143,476232
adult,525695,476230
adult,400379,476203
adult,437759,476171
adult,257165,476154
adult,315242,2150944
adult,344880,476140
adult,320066,2150954
adult,442646,476091
adult,1774,476079
adult,251292,476074
adult,562253,2150956
adult,354758,476026
adult,49858,476019
adult,504141,475756
adult,310128,2151002
adult,233865,475735
adult,36303,2151018
adult,225443,475510
adult,94631,475458
adult,82106,475445
adult,401260,475418
adult,507674,475390
adult,385894,475384
adult,359354,475381
adult,538693,475373
adult,48017,2151070
adult,459152,475354
adult,525944,475317
adult,551947,475316
adult,319256,2151179
adult,280454,475253
adult,80624,475243
adult,533134,475513
adult,40399,475537
adult,235409,475545
adult,535422,475661
adult,544623,475717
adult,133727,475715
adult,578663,475712
adult,223682,475708
adult,485137,475693
adult,387169,475689
adult,491505,475638
adult,383263,475554
adult,251251,475637
adult,81620,475635
adult,378922,2151030
adult,291476,475580
adult,240243,475574
adult,481349,2151066
adult,458022,474196
adult,322843,474180
adult,286484,476262
adult,169962,473119
adult,74345,473084
adult,494900,473070
adult,539879,473045
adult,289791,2151612
adult,380827,473003
adult,461187,472995
adult,279197,472984
adult,431342,2151615
adult,94769,472967
adult,478418,472955
adult,466797,472947
adult,95533,472946
adult,33883,472931
adult,410143,472914
adult,143067,472910
adult,206844,473091
adult,184954,473139
adult,353216,472869
adult,193692,473146
adult,125727,473281
adult,60810,473269
adult,162346,473266
adult,116334,473242
adult,320643,2151565
adult,510522,2151567
adult,479880,473238
adult,311821,473199
adult,96793,473181
adult,355167,2151610
adult,371706,473172
adult,185700,473164
adult,333754,473152
adult,10245,473149
adult,416477,473147
adult,405873,2151635
adult,543689,2151637
adult,223086,474155
adult,301427,472662
adult,201032,472601
adult,105374,472599
adult,467902,472592
adult,191153,472560
adult,33105,472534
adult,243044,2151695
adult,276972,472505
adult,315030,472504
adult,192564,472498
adult,312010,472472
adult,491664,472469
adult,354094,472446
adult,108725,472406
adult,547229,472405
adult,529258,2151697
adult,365080,472622
adult,13912,472674
adult,320593,472865
adult,258735,472697
adult,543986,2151638
adult,463792,472833
adult,400621,472830
adult,134829,472799
adult,113328,472796
adult,398568,472791
adult,98162,472785
adult,55731,472781
adult,430532,2151641
adult,85802,472776
adult,45007,472763
adult,15175,472742
adult,323109,472741
adult,296754,472733
adult,199093,472728
adult,244164,2151555
adult,359825,2151550
adult,394209,473308
adult,18934,2151370
adult,507444,2151371
adult,380484,473880
adult,270373,473875
adult,577817,473872
adult,49770,473867
adult,145834,2151386
adult,111118,473825
adult,416357,473824
adult,214704,473789
adult,317990,473780
adult,370836,473775
adult,355741,2151414
adult,388702,473747
adult,104487,473734
adult,109,2151449
adult,503539,473897
adult,519905,473922
adult,81680,473319
adult,506341,473929
adult,396838,474143
adult,248637,474140
adult,60387,2151323
adult,454916,474115
adult,272439,2151330
adult,313361,474067
adult,233926,2151344
adult,139897,474064
adult,358580,2151351
adult,347438,474049
adult,74838,2151353
adult,227706,461829
adult,163617,474005
adult,564226,474004
adult,181330,473952
adult,443177,473704
adult,99607,473701
adult,105511,2151454
adult,17580,473659
adult,356852,473476
adult,309369,473468
adult,434962,473455
adult,380657,473450
adult,542651,473423
adult,324809,473407
adult,341145,473405
adult,471967,2151519
adult,191122,473400
adult,294360,473392
adult,224894,473380
adult,441263,2151537
adult,554651,473357
adult,314336,473344
adult,404283,473323
adult,401499,473512
adult,94952,2151515
adult,256475,473541
adult,377119,473620
adult,174627,2151462
adult,20540,2151469
adult,47249,473650
adult,321633,2151475
adult,516168,473624
adult,426451,473623
adult,527858,2151478
adult,472173,473543
adult,269490,2151506
adult,296479,473608
adult,12864,2151514
adult,156323,473572
adult,326920,473554
adult,514891,473546
adult,480344,2150940
adult,200550,476264
adult,127189,480081
adult,531963,478860
adult,72790,478826
adult,72792,2150442
adult,167992,478812
adult,11138,478797
adult,303593,478796
adult,247521,2150475
adult,392148,478781
adult,102974,478757
adult,285628,478750
adult,427178,478741
adult,36282,478738
adult,411979,478731
adult,96723,478695
adult,345987,478688
adult,559403,478683
adult,480116,478839
adult,352247,2150433
adult,26302,478672
adult,284861,478874
adult,428550,478999
adult,447146,478997
adult,543996,2150180
adult,63014,478994
adult,287372,2150306
adult,542778,478982
adult,398609,478972
adult,562747,478956
adult,565869,2150312
adult,483187,478912
adult,175558,478903
adult,74421,2150373
adult,456309,478900
adult,188375,478898
adult,533291,478876
adult,62814,478678
adult,33536,478661
adult,460364,478250
adult,522461,2150559
adult,496009,478389
adult,102599,2150569
adult,189224,478362
adult,26388,478356
adult,89943,478338
adult,51046,478336
adult,245002,478319
adult,472163,478317
adult,327573,2150618
adult,174496,478295
adult,91721,478294
adult,471936,478288
adult,66096,478273
adult,471373,478259
adult,325681,478251
adult,365934,478393
adult,89202,478425
adult,185080,478645
adult,576689,478464
adult,251882,478641
adult,134211,478640
adult,20182,478631
adult,253072,478612
adult,268072,478601
adult,238557,478567
adult,273559,2150495
adult,184868,478560
adult,343243,478559
adult,364994,478557
adult,428321,478555
adult,131511,478494
adult,196776,478483
adult,52634,478482
adult,31902,478465
adult,216075,479010
adult,338319,479015
adult,528213,479038
adult,374258,2149746
adult,450759,479732
adult,337609,479712
adult,440349,479679
adult,469145,479676
adult,113598,2149839
adult,25041,479664
adult,220903,479621
adult,547450,479620
adult,378827,2149982
adult,42516,479612
adult,333433,479608
adult,248417,479605
adult,27482,479585
adult,17068,479567
adult,536999,479565
adult,211948,479755
adult,543657,479785
adult,99728,2150175
adult,266298,479800
adult,201000,480071
adult,160624,480047
adult,101877,480032
adult,340962,480027
adult,378154,480026
adult,322090,2149499
adult,427269,2149596
adult,438413,2149625
adult,138789,479936
adult,360396,479919
adult,147913,479912
adult,409120,479899
adult,181371,479895
adult,565040,479887
adult,455302,479831
adult,26552,479558
adult,182937,479554
adult,91902,479550
adult,473957,479541
adult,17472,2150144
adult,1900,479274
adult,484564,479262
adult,379911,479255
adult,251696,479209
adult,256311,479173
adult,56632,479171
adult,467223,479168
adult,416516,479166
adult,438237,479148
adult,218980,479139
adult,164234,479125
adult,377110,479097
adult,412302,479086
adult,121598,479055
adult,310732,479293
adult,161262,479305
adult,474955,2150138
adult,103711,479475
adult,323470,479511
adult,243324,479494
adult,466395,479482
adult,562876,2150088
adult,330808,479481
adult,432668,2150109
adult,275922,479467
adult,26884,479315
adult,380780,479461
adult,421588,479410
adult,130093,479398
adult,504299,479397
adult,480487,479373
adult,220317,479371
adult,136963,2150656
adult,455615,478246
adult,568210,476267
adult,101218,476923
adult,27374,476901
adult,522534,476865
adult,97825,476862
adult,16616,2150819
adult,418229,476838
adult,127834,476816
adult,450897,476811
adult,254046,2150820
adult,360217,476771
adult,266350,476742
adult,122896,476737
adult,502564,476734
adult,562377,476731
adult,154652,476729
adult,368594,476727
adult,137798,476919
adult,331594,2150813
adult,11996,476703
adult,259753,476936
adult,301295,477156
adult,444202,477149
adult,15733,477124
adult,493972,477108
adult,514362,477069
adult,326014,477043
adult,21796,477029
adult,485131,477012
adult,512827,476997
adult,389350,476972
adult,127905,476964
adult,43893,2150801
adult,154847,476962
adult,1216,476956
adult,343810,476949
adult,573568,476715
adult,81311,476684
adult,344180,2150657
adult,181719,476470
adult,96457,2150900
adult,364433,476433
adult,571125,476428
adult,507293,476418
adult,174389,476399
adult,443074,476398
adult,399983,476384
adult,118534,476380
adult,459715,476357
adult,176523,476341
adult,123699,476334
adult,355347,476330
adult,262545,476313
adult,118436,2150910
adult,409063,476279
adult,381492,476450
adult,33874,476476
adult,200439,476658
adult,246447,476477
adult,393634,476657
adult,98939,2150829
adult,92639,476643
adult,220366,476604
adult,32579,2150835
adult,261579,476600
adult,565217,476580
adult,466586,476574
adult,277436,476568
adult,212354,476567
adult,40305,476555
adult,108620,476529
adult,378929,476526
adult,456248,476512
adult,4876,476491
adult,355661,477165
adult,283329,2150787
adult,143306,477195
adult,74885,477965
adult,499763,477925
adult,382,477889
adult,570225,477881
adult,447883,477880
adult,185830,477877
adult,563606,477860
adult,244078,477835
adult,231630,477831
adult,313091,2150717
adult,531331,477830
adult,411554,477789
adult,571858,477764
adult,20291,477723
adult,182497,477719
adult,118019,477712
adult,133490,477958
adult,177406,477969
adult,203400,477244
adult,402891,477980
adult,480053,478212
adult,67715,478174
adult,411513,478158
adult,160101,478141
adult,83739,478127
adult,462383,478123
adult,423445,478106
adult,386079,478094
adult,388992,478063
adult,164290,2150672
adult,504070,478055
adult,439106,478045
adult,102306,2150675
adult,242081,478004
adult,322326,2150710
adult,354936,477695
adult,258272,477694
adult,272119,477684
adult,163962,477675
adult,136673,477437
adult,139831,477418
adult,496506,477416
adult,65201,477404
adult,505023,477398
adult,471325,477392
adult,219141,477375
adult,287922,477349
adult,326399,477338
adult,236087,477297
adult,369936,477289
adult,371493,477282
adult,194299,477280
adult,178543,477271
adult,50980,2150783
adult,109515,477463
adult,411709,477477
adult,63365,477487
adult,559586,2150735
adult,225878,477658
adult,147459,477653
adult,436391,477650
adult,175227,477638
adult,566357,477636
adult,179480,477631
adult,256341,477608
adult,219958,2150737
adult,390120,477591
adult,156084,477573
adult,157645,477572
adult,149812,477544
adult,533394,477497
adult,13967,477490
adult,567780,461830
adult,94004,459918
adult,120994,461827
adult,579964,446880
adult,71759,446864
adult,12434,446820
adult,156328,446814
adult,82053,2158041
adult,245075,446796
adult,233381,446764
adult,397534,446745
adult,82705,446742
adult,335421,2158046
adult,289192,2158050
adult,528788,446735
adult,200971,446732
adult,417210,446717
adult,425743,446711
adult,22536,446710
adult,236288,446870
adult,247925,446886
adult,473411,446703
adult,441532,446897
adult,460055,447060
adult,330610,447058
adult,414421,447038
adult,321182,447037
adult,540577,447027
adult,290623,2158032
adult,404633,447013
adult,277406,447008
adult,439974,446998
adult,352757,446996
adult,126375,446979
adult,434561,446964
adult,323352,446954
adult,188528,446928
adult,99363,446919
adult,161725,446709
adult,182746,446697
adult,435170,446340
adult,109041,446512
adult,167021,446496
adult,350028,2158140
adult,358211,446484
adult,331496,2158161
adult,7894,446452
adult,256603,446445
adult,499239,2158169
adult,27227,446442
adult,380636,446439
adult,333983,446432
adult,437518,446428
adult,347840,446364
adult,208145,2158171
adult,190360,2158184
adult,53360,446342
adult,501936,446502
adult,250292,446547
adult,212330,446682
adult,104588,446553
adult,152405,446681
adult,418489,446678
adult,172233,446675
adult,365654,446663
adult,397772,2158061
adult,420414,446630
adult,208316,446616
adult,117555,2158113
adult,516685,2158130
adult,491211,446614
adult,100902,446589
adult,419120,446586
adult,193634,446579
adult,32778,446577
adult,256884,446570
adult,255634,447066
adult,347507,447079
adult,46013,447085
adult,564183,2157988
adult,109862,447500
adult,429526,447481
adult,359684,447473
adult,114338,447462
adult,259366,447454
adult,487322,2157993
adult,25576,447438
adult,383461,447436
adult,502104,447424
adult,294410,447415
adult,476826,447408
adult,16605,447395
adult,87308,447394
adult,167426,447386
adult,554171,447380
adult,578215,447526
adult,577076,447539
adult,386261,447088
adult,550703,447541
adult,151581,447656
adult,12822,2157961
adult,269263,2157964
adult,366135,447646
adult,157554,2157967
adult,401167,447639
adult,55389,447629
adult,487718,2157987
adult,319542,447593
adult,570458,447591
adult,177022,447584
adult,13595,447571
adult,375743,447554
adult,280805,447550
adult,66676,447549
adult,13202,447369
adult,147538,2158005
adult,242276,447361
adult,557811,447358
adult,387558,447178
adult,499978,447176
adult,363426,447165
adult,13417,447159
adult,235609,447158
adult,441475,447152
adult,412062,447147
adult,220347,447137
adult,416912,447131
adult,84706,447129
adult,58406,447123
adult,152502,447118
adult,410966,447117
adult,508944,447093
adult,205631,447091
adult,402143,447188
adult,496605,447201
adult,245204,447204
adult,28257,447277
adult,450524,447317
adult,249538,2158010
adult,417134,447306
adult,254743,447289
adult,573762,447280
adult,498525,2158017
adult,297724,447254
adult,458321,447214
adult,319841,447250
adult,540471,447246
adult,48408,447238
adult,215334,447231
adult,477475,447225
adult,367715,447218
adult,458134,446341
adult,525382,446329
adult,240706,447687
adult,36086,445520
adult,350081,445505
adult,390515,2158345
adult,471558,2158378
adult,57614,2158385
adult,438698,445503
adult,513936,445497
adult,244504,445494
adult,359099,445471
adult,567637,445469
adult,52611,2158386
adult,264353,2158395
adult,370102,445410
adult,463571,2158397
adult,18564,2158415
adult,202739,445391
adult,60055,445511
adult,547532,2158342
adult,95380,445383
adult,38041,445527
adult,6287,445631
adult,356752,445628
adult,230178,445619
adult,347571,445613
adult,6334,445612
adult,378846,445609
adult,548726,445592
adult,460442,2158292
adult,422591,445587
adult,522350,445563
adult,382032,445550
adult,402163,445545
adult,266769,445541
adult,233545,2158310
adult,232433,445537
adult,520259,445384
adult,214997,445373
adult,529529,446324
adult,165531,445203
adult,56877,445191
adult,388830,445165
adult,174211,445156
adult,402387,445154
adult,316085,445134
adult,125919,2158489
adult,509749,2158493
adult,287310,445133
adult,66273,445127
adult,309192,445122
adult,36098,445119
adult,22044,2158527
adult,101079,445078
adult,17096,445064
adult,481894,2158536
adult,230712,445193
adult,309034,2158477
adult,98127,445362
adult,295780,445228
adult,361895,445345
adult,240887,2158416
adult,142793,445325
adult,367171,445324
adult,324732,445302
adult,405499,445297
adult,80271,445272
adult,217486,445265
adult,413868,2158421
adult,193383,445260
adult,331279,445252
adult,140787,2158467
adult,129216,445251
adult,502679,445237
adult,205317,2158468
adult,61814,445639
adult,390269,445645
adult,445046,445654
adult,311173,446122
adult,503683,446111
adult,562488,446082
adult,401580,446068
adult,494518,446064
adult,437785,446052
adult,213790,446049
adult,138036,2158230
adult,339611,446033
adult,68617,446010
adult,134907,446009
adult,324036,446008
adult,324115,2158233
adult,236661,445996
adult,525533,445991
adult,184490,445983
adult,452380,446119
adult,396725,446125
adult,75305,445658
adult,198463,446147
adult,460484,446321
adult,307897,446308
adult,571805,446306
adult,92067,446262
adult,354933,446258
adult,109522,446238
adult,553541,446216
adult,516339,446215
adult,189094,446204
adult,294977,446202
adult,189943,446199
adult,248878,446198
adult,70197,446191
adult,357333,446162
adult,104299,446152
adult,351480,445967
adult,573874,2158245
adult,472024,445952
adult,325682,445948
adult,103821,445775
adult,311022,445764
adult,447484,445762
adult,351470,445761
adult,88999,445760
adult,319576,445744
adult,248283,445735
adult,213314,445728
adult,450737,445726
adult,199381,445711
adult,384815,445684
adult,319517,2158268
adult,345531,445674
adult,302332,445669
adult,431085,445665
adult,413277,445778
adult,64079,445787
adult,95854,445790
adult,464443,2158256
adult,546864,2158255
adult,568762,445922
adult,167390,445911
adult,4424,445889
adult,154171,445884
adult,271490,445868
adult,448700,445859
adult,464888,2158262
adult,367518,445842
adult,206221,445840
adult,323091,445818
adult,92881,445813
adult,96653,2158258
adult,48747,445803
adult,502288,2157953
adult,229615,447693
adult,158647,461815
adult,424665,449557
adult,298139,2157560
adult,95950,449538
adult,361477,449537
adult,363135,449536
adult,266271,449531
adult,132307,449527
adult,291417,449512
adult,38277,449500
adult,6632,449485
adult,408111,449481
adult,75487,449477
adult,223192,449468
adult,280955,449462
adult,73508,449451
adult,109190,2157564
adult,233402,449556
adult,276247,449566
adult,92746,2157585
adult,101065,449579
adult,128942,449721
adult,156404,449709
adult,8066,449707
adult,244104,449704
adult,299426,449685
adult,506880,449677
adult,35535,449662
adult,414471,449654
adult,329730,449628
adult,72118,449620
adult,525876,449616
adult,457245,449608
adult,82909,449592
adult,175671,449591
adult,366326,2157542
adult,130394,2157584
adult,58448,449439
adult,432508,449023
adult,295265,2157611
adult,260345,2157617
adult,69866,449158
adult,12795,449153
adult,250556,449152
adult,15986,2157624
adult,558405,449141
adult,428508,449140
adult,252905,449108
adult,365345,449087
adult,24103,449075
adult,536041,2157625
adult,29937,449052
adult,164346,449033
adult,494765,449028
adult,569484,449027
adult,381475,449161
adult,393227,449282
adult,420146,449412
adult,233630,449296
adult,141153,449409
adult,386185,449405
adult,347217,449397
adult,139215,449389
adult,486845,449388
adult,278112,449371
adult,339781,449369
adult,251787,449358
adult,468393,449356
adult,298195,449346
adult,522454,2157598
adult,581124,449345
adult,284540,449329
adult,41918,449325
adult,385126,449324
adult,366000,449753
adult,507049,449767
adult,213393,2157503
adult,342174,450251
adult,466037,450246
adult,206747,450244
adult,97596,450243
adult,258043,450224
adult,494860,450209
adult,394572,450195
adult,438769,2157376
adult,387176,450191
adult,453529,450188
adult,241073,450163
adult,333324,450137
adult,291947,2157407
adult,329134,450122
adult,382742,450120
adult,122939,450103
adult,516444,2157374
adult,434193,450256
adult,121526,449779
adult,168151,450262
adult,44675,450395
adult,372876,450388
adult,420167,450382
adult,195731,450378
adult,241959,450371
adult,416653,2157356
adult,211678,450320
adult,452382,450318
adult,421536,2157361
adult,182904,450311
adult,432506,450310
adult,572456,450296
adult,492408,450291
adult,385406,450288
adult,422211,450285
adult,209542,450081
adult,206400,450078
adult,232670,450069
adult,231863,2157413
adult,388394,2157459
adult,478311,449934
adult,227918,449916
adult,476045,2157465
adult,330472,2157484
adult,564496,449908
adult,506641,449864
adult,481547,449844
adult,442224,449808
adult,176833,2157485
adult,82873,2157490
adult,211486,449789
adult,364416,449787
adult,404322,449780
adult,182416,2157500
adult,157085,449947
adult,312269,449951
adult,132406,449965
adult,540175,2157433
adult,40407,2157427
adult,114828,450054
adult,155498,450051
adult,150148,450048
adult,321325,450022
adult,581667,2157428
adult,62691,2157452
adult,254244,449966
adult,316214,449995
adult,99851,449987
adult,338342,449981
adult,507157,449976
adult,577380,449975
adult,131865,449972
adult,70629,449024
adult,294639,449019
adult,73327,2157950
adult,424407,2157784
adult,210658,448118
adult,8238,448098
adult,335357,448097